21.27903347	0.057508705	4.971689587	0.007731601	0.019100727	0.011758006	0.007203617	0.004380744	0.002655854	0.001617696	0.000983456	0.000599745	0.000353024	0.000217162	0.000134029	8.02E-05	4.90E-05	2.93E-05	1.70E-05	9.87E-06	7.33E-06	3.95E-06	4.51E-06	1.97E-06	6.11E-07	9.40E-08	1.41E-07	1.88E-07	0	0	0	0	0	0	0	0	0	0	0	0	0	0	0	0	0	0	0	0	0	0	0	0	0	0	0	0	0	0	0	0	0	0	0	0	0	0	0	0	0	0	0	0	0
81.32161175	0.080753862	4.202891264	0	0.013829079	0.025970526	0.015858478	0.009636036	0.005823729	0.003593731	0.002175584	0.001311201	0.000791524	0.000482221	0.000291706	0.000177763	0.000108397	6.45E-05	3.57E-05	2.43E-05	1.44E-05	9.49E-06	9.81E-06	4.12E-06	1.41E-06	5.90E-07	5.29E-07	1.72E-07	1.35E-07	1.60E-07	3.69E-08	1.23E-08	2.46E-08	0	1.23E-08	0	0	0	0	0	0	0	0	0	0	0	0	0	0	0	0	0	0	0	0	0	0	0	0	0	0	0	0	0	0	0	0	0	0	0	0	0	0
133.4200038	0.109988771	3.651278577	0	0	0.021510837	0.034825512	0.021159323	0.012798426	0.007882903	0.004778054	0.002879148	0.0017465	0.001058814	0.000643846	0.000389582	0.000236052	0.000141568	8.02E-05	5.01E-05	3.21E-05	2.07E-05	2.19E-05	8.63E-06	3.25E-06	9.59E-07	8.02E-07	4.12E-07	1.80E-07	1.80E-07	2.25E-08	1.50E-08	3.00E-08	7.50E-09	2.25E-08	7.50E-09	1.50E-08	0	0	0	0	0	0	0	0	0	0	7.50E-09	7.50E-09	0	0	0	0	0	0	0	0	0	0	0	0	0	0	0	0	0	0	0	0	0	0	0	0
136.8045657	0.146193838	3.308721925	0	0	0	0.030696424	0.04607643	0.027857023	0.017164727	0.010377388	0.00624909	0.003791635	0.002312072	0.001396927	0.000847552	0.000512563	0.000312811	0.000172326	0.000109974	7.02E-05	4.44E-05	4.80E-05	1.87E-05	6.71E-06	2.27E-06	2.06E-06	1.06E-06	4.46E-07	5.77E-07	8.77E-08	6.58E-08	5.12E-08	1.46E-08	7.31E-09	7.31E-09	1.46E-08	7.31E-09	0	7.31E-09	0	0	7.31E-09	0	7.31E-09	7.31E-09	7.31E-09	7.31E-09	1.46E-08	7.31E-09	0	0	0	0	7.31E-09	0	7.31E-09	0	0	0	0	0	0	0	0	0	0	0	0	0	0	0	0
112.5871758	0.191619473	3.14074857	0	0	0	0	0.041094387	0.059466675	0.03661695	0.022186426	0.013376106	0.008092947	0.004919548	0.002990394	0.00180859	0.001095302	0.000667341	0.00037324	0.000237967	0.000152886	9.67E-05	0.000101681	4.09E-05	1.32E-05	5.49E-06	3.38E-06	2.15E-06	1.19E-06	1.00E-06	8.88E-08	1.42E-07	1.42E-07	7.11E-08	4.44E-08	2.66E-08	1.78E-08	8.88E-09	0	8.88E-09	8.88E-09	1.78E-08	0	1.78E-08	8.88E-09	8.88E-09	8.88E-09	8.88E-09	1.78E-08	2.66E-08	2.66E-08	0	0	0	0	0	0	0	8.88E-09	0	0	0	0	0	0	0	0	0	0	0	0	0	0
84.31440435	0.249356748	3.016009145	0	0	0	0	0	0.053196841	0.077734476	0.047018965	0.028336617	0.017222621	0.010434563	0.006344147	0.003836877	0.002326862	0.001410933	0.000796744	0.000504315	0.000320953	0.000205528	0.000213475	8.60E-05	2.78E-05	1.15E-05	7.76E-06	4.52E-06	2.32E-06	2.18E-06	2.25E-07	2.49E-07	1.90E-07	1.19E-07	1.42E-07	1.42E-07	5.93E-08	0	2.37E-08	0	0	1.19E-08	0	0	0	1.19E-08	4.74E-08	1.19E-08	9.49E-08	4.74E-08	1.19E-08	3.56E-08	2.37E-08	3.56E-08	0	0	1.19E-08	2.37E-08	1.19E-08	1.19E-08	0	0	0	0	0	0	0	0	0	0	0	0	0
62.83480939	0.324144528	2.842854962	0	0	0	0	0	0	0.069811161	0.10040753	0.060557596	0.036742612	0.022314574	0.013548064	0.008205404	0.004969729	0.00302864	0.001697626	0.001075089	0.0006854	0.000436732	0.000456785	0.000182097	6.32E-05	2.38E-05	1.84E-05	1.06E-05	5.65E-06	4.76E-06	4.62E-07	5.89E-07	2.23E-07	1.91E-07	3.18E-07	1.75E-07	6.37E-08	0	1.59E-08	6.37E-08	3.18E-08	1.59E-08	1.59E-08	0	3.18E-08	4.77E-08	7.96E-08	1.59E-08	1.43E-07	7.96E-08	9.55E-08	3.18E-08	1.59E-08	1.59E-08	0	3.18E-08	0	7.96E-08	1.59E-08	1.59E-08	3.18E-08	0	0	0	0	0	0	0	0	0	0	0	0
46.79402575	0.416912139	2.616015169	0	0	0	0	0	0	0	0.089756458	0.128743315	0.078009958	0.047354165	0.028773566	0.01740844	0.010580026	0.006435309	0.003585308	0.002279778	0.001447386	0.000925161	0.000965722	0.000385327	0.000127709	4.91E-05	3.42E-05	2.10E-05	1.09E-05	1.02E-05	1.26E-06	1.26E-06	8.55E-07	4.92E-07	8.55E-07	4.49E-07	3.63E-07	2.14E-08	2.14E-08	2.14E-08	8.55E-08	2.14E-08	4.27E-08	4.27E-08	2.14E-08	4.27E-08	8.55E-08	8.55E-08	3.63E-07	6.41E-08	2.56E-07	1.07E-07	8.55E-08	8.55E-08	1.07E-07	2.14E-08	4.27E-08	6.41E-08	6.41E-08	4.27E-08	6.41E-08	2.14E-08	0	0	0	2.14E-08	0	0	0	0	0	0	0
36.15407201	0.518877941	2.371438648	0	0	0	0	0	0	0	0	0.110929718	0.160557046	0.097468578	0.059049614	0.035841827	0.021710611	0.013187588	0.007382184	0.004699277	0.002993522	0.001900256	0.001984507	0.000812218	0.00027286	0.000100846	7.38E-05	4.48E-05	2.28E-05	2.14E-05	2.66E-06	2.68E-06	1.71E-06	9.68E-07	1.05E-06	5.81E-07	6.36E-07	8.30E-08	5.53E-08	8.30E-08	1.11E-07	8.30E-08	8.30E-08	1.94E-07	5.53E-08	1.38E-07	1.66E-07	3.04E-07	6.36E-07	7.47E-07	5.26E-07	2.49E-07	1.66E-07	1.11E-07	5.53E-08	1.94E-07	1.66E-07	1.11E-07	2.21E-07	1.11E-07	8.30E-08	2.77E-08	8.30E-08	2.77E-08	2.77E-08	0	2.77E-08	0	0	2.77E-08	0	0	0
29.47761515	0.620677588	2.136751624	0	0	0	0	0	0	0	0	0	0.13256225	0.191875597	0.116513835	0.070666741	0.042821748	0.025967535	0.014561185	0.009269508	0.005874051	0.003747386	0.003924978	0.001578181	0.000534779	0.000205376	0.000146823	8.18E-05	4.46E-05	4.32E-05	4.92E-06	4.17E-06	3.36E-06	1.59E-06	2.58E-06	1.59E-06	8.14E-07	1.02E-07	1.02E-07	6.78E-08	2.37E-07	1.36E-07	1.02E-07	1.36E-07	3.05E-07	2.04E-07	5.09E-07	6.11E-07	1.02E-06	9.84E-07	5.77E-07	2.71E-07	2.37E-07	2.37E-07	3.39E-08	1.36E-07	3.05E-07	2.71E-07	2.04E-07	4.75E-07	1.70E-07	0	6.78E-08	6.78E-08	1.02E-07	3.39E-08	0	0	3.39E-08	0	3.39E-08	3.39E-08	0
25.12349099	0.713750747	1.920778547	0	0	0	0	0	0	0	0	0	0	0.15263265	0.220828348	0.133950413	0.081249457	0.049303976	0.027615111	0.017565791	0.011176631	0.007115213	0.007434317	0.0030286	0.001005394	0.000379884	0.000282485	0.000160567	8.51E-05	8.10E-05	8.64E-06	9.51E-06	6.61E-06	3.70E-06	5.85E-06	2.07E-06	2.15E-06	5.97E-07	5.17E-07	4.38E-07	3.58E-07	4.38E-07	4.38E-07	2.79E-07	1.99E-07	7.56E-07	7.96E-07	1.23E-06	2.19E-06	2.07E-06	1.43E-06	6.37E-07	4.78E-07	2.39E-07	3.58E-07	4.78E-07	4.78E-07	5.17E-07	6.37E-07	3.98E-07	3.58E-07	2.39E-07	1.99E-07	3.98E-08	1.99E-07	1.19E-07	1.19E-07	7.96E-08	1.19E-07	7.96E-08	0	0	0
22.33508458	0.78964377	1.736706296	0	0	0	0	0	0	0	0	0	0	0	0.168624927	0.24424434	0.148105909	0.089926635	0.050337665	0.032110915	0.020440263	0.013015666	0.013500419	0.005518134	0.001836035	0.000690752	0.000508527	0.000297469	0.000154286	0.000143586	1.92E-05	1.71E-05	1.17E-05	6.58E-06	8.60E-06	5.78E-06	4.03E-06	8.06E-07	6.27E-07	8.06E-07	6.72E-07	7.61E-07	5.82E-07	6.27E-07	6.27E-07	7.16E-07	1.34E-06	1.66E-06	4.30E-06	3.58E-06	2.42E-06	1.25E-06	1.12E-06	8.06E-07	6.27E-07	4.48E-07	1.21E-06	1.12E-06	7.61E-07	7.61E-07	4.92E-07	1.34E-07	1.79E-07	2.69E-07	1.34E-07	1.34E-07	8.95E-08	1.34E-07	4.48E-08	4.48E-08	1.34E-07	4.48E-08	8.95E-08
20.57087907	0.843903583	1.578917809	0	0	0	0	0	0	0	0	0	0	0	0	0.180264732	0.260988749	0.158513352	0.088778802	0.056511148	0.035970801	0.022881229	0.023832282	0.009668425	0.003205843	0.001230088	0.000896948	0.000519764	0.00027466	0.000262993	3.13E-05	3.11E-05	2.14E-05	9.72E-06	1.53E-05	8.56E-06	6.27E-06	1.36E-06	1.60E-06	1.26E-06	7.78E-07	1.22E-06	1.31E-06	9.72E-07	6.32E-07	2.14E-06	2.28E-06	2.77E-06	7.24E-06	5.06E-06	4.52E-06	2.14E-06	1.26E-06	1.02E-06	8.26E-07	1.22E-06	1.07E-06	1.80E-06	1.41E-06	1.60E-06	9.72E-07	6.81E-07	3.89E-07	3.89E-07	3.89E-07	3.40E-07	4.38E-07	1.94E-07	9.72E-08	4.86E-08	0	1.94E-07	4.86E-08
19.39381659	0.881947598	1.452233385	0	0	0	0	0	0	0	0	0	0	0	0	0	0.188111246	0.272894661	0.153168253	0.097350101	0.06193273	0.039484698	0.040979556	0.016670365	0.005581006	0.002065504	0.001540697	0.000890078	0.000459373	0.00043947	5.58E-05	5.22E-05	3.83E-05	1.94E-05	2.62E-05	1.49E-05	1.20E-05	2.11E-06	2.06E-06	2.06E-06	1.75E-06	1.65E-06	1.60E-06	1.91E-06	1.96E-06	3.45E-06	3.66E-06	5.05E-06	1.36E-05	8.92E-06	7.27E-06	4.07E-06	2.48E-06	2.17E-06	1.44E-06	2.32E-06	2.27E-06	2.68E-06	2.94E-06	2.73E-06	1.86E-06	7.22E-07	6.19E-07	8.25E-07	4.64E-07	4.13E-07	4.64E-07	1.55E-07	2.58E-07	3.09E-07	2.06E-07	5.16E-08	2.06E-07
18.62264115	0.907225385	1.350849104	0	0	0	0	0	0	0	0	0	0	0	0	0	0	0.193740403	0.259347692	0.165178557	0.104972167	0.06687349	0.069565857	0.028134624	0.009467293	0.003545201	0.002613969	0.001507788	0.000796611	0.000760848	8.92E-05	9.16E-05	6.34E-05	3.06E-05	4.35E-05	2.57E-05	2.00E-05	4.56E-06	2.95E-06	3.97E-06	3.28E-06	3.38E-06	3.44E-06	2.90E-06	2.68E-06	4.99E-06	7.25E-06	9.67E-06	2.14E-05	1.51E-05	1.27E-05	6.93E-06	3.76E-06	2.42E-06	1.66E-06	3.65E-06	3.38E-06	4.62E-06	4.56E-06	4.78E-06	2.15E-06	1.29E-06	1.29E-06	9.67E-07	8.05E-07	6.98E-07	4.83E-07	4.83E-07	6.44E-07	8.05E-07	4.83E-07	2.15E-07	1.61E-07
16.34393583	0.922901669	1.271874209	0	0	0	0	0	0	0	0	0	0	0	0	0	0	0	0.180592119	0.269791502	0.171725283	0.10916526	0.113798599	0.046147208	0.015419481	0.005759812	0.004304594	0.002473027	0.00129522	0.001249577	0.000144641	0.000143907	0.000102974	5.26E-05	7.61E-05	4.11E-05	3.30E-05	6.49E-06	6.61E-06	5.14E-06	5.45E-06	5.26E-06	5.75E-06	4.89E-06	5.32E-06	7.59E-06	1.26E-05	1.58E-05	3.33E-05	2.50E-05	2.04E-05	9.91E-06	6.18E-06	4.34E-06	4.10E-06	5.69E-06	6.73E-06	8.93E-06	8.75E-06	8.81E-06	4.28E-06	2.88E-06	2.20E-06	1.53E-06	1.77E-06	1.10E-06	6.73E-07	7.95E-07	7.34E-07	7.34E-07	3.67E-07	3.06E-07	2.45E-07
15.99670022	0.932516502	1.20720613	0	0	0	0	0	0	0	0	0	0	0	0	0	0	0	0	0.182451191	0.272758503	0.173333185	0.180752965	0.073203347	0.024505929	0.009178893	0.006810905	0.003932811	0.002044922	0.001956403	0.00023086	0.000236236	0.000168597	7.94E-05	0.000120462	6.81E-05	4.87E-05	7.88E-06	9.31E-06	9.94E-06	8.06E-06	8.06E-06	9.31E-06	7.88E-06	8.69E-06	1.42E-05	2.10E-05	2.51E-05	5.00E-05	3.94E-05	3.19E-05	1.73E-05	1.04E-05	6.31E-06	7.19E-06	1.12E-05	9.88E-06	1.28E-05	1.23E-05	1.33E-05	6.06E-06	5.00E-06	3.06E-06	2.38E-06	1.81E-06	2.31E-06	1.75E-06	1.13E-06	9.38E-07	7.50E-07	1.38E-06	8.13E-07	5.00E-07
15.71359174	0.938728219	1.155973968	0	0	0	0	0	0	0	0	0	0	0	0	0	0	0	0	0	0.183701985	0.274649429	0.285945382	0.115704101	0.038778785	0.014543906	0.010756548	0.006208383	0.003211551	0.003106037	0.000365734	0.000371207	0.000264994	0.000128742	0.000185699	0.000106787	7.87E-05	1.31E-05	1.58E-05	1.32E-05	1.31E-05	1.13E-05	1.16E-05	1.27E-05	1.27E-05	2.32E-05	3.28E-05	3.54E-05	8.44E-05	6.89E-05	5.29E-05	2.75E-05	1.39E-05	1.08E-05	9.99E-06	1.49E-05	1.50E-05	2.22E-05	2.10E-05	2.16E-05	1.19E-05	6.05E-06	4.90E-06	3.50E-06	3.63E-06	3.31E-06	3.31E-06	1.59E-06	2.10E-06	1.59E-06	1.59E-06	1.53E-06	8.91E-07
15.48345041	0.942754868	1.114238959	0	0	0	0	0	0	0	0	0	0	0	0	0	0	0	0	0	0	0.184595612	0.45112322	0.182812482	0.061133919	0.022947275	0.017024306	0.009778634	0.005067475	0.004902525	0.000587466	0.000584108	0.000416768	0.000201312	0.000296962	0.000168309	0.000126716	2.38E-05	2.02E-05	2.29E-05	2.22E-05	2.22E-05	2.10E-05	2.14E-05	1.68E-05	3.44E-05	4.94E-05	5.94E-05	0.000129558	0.000104111	8.56E-05	4.06E-05	2.43E-05	1.53E-05	1.54E-05	2.36E-05	2.53E-05	3.42E-05	3.31E-05	3.51E-05	1.74E-05	1.14E-05	8.01E-06	5.88E-06	6.52E-06	5.23E-06	3.81E-06	3.49E-06	4.59E-06	3.16E-06	2.84E-06	1.42E-06	1.61E-06
30.38775127	0.946183975	1.066654987	0	0	0	0	0	0	0	0	0	0	0	0	0	0	0	0	0	0	0	0.324383924	0.370071872	0.124027374	0.046430583	0.034417979	0.019882551	0.010322185	0.009910539	0.001183799	0.001180377	0.000848105	0.000414377	0.000600209	0.00033836	0.000252602	4.52E-05	4.59E-05	4.39E-05	4.37E-05	4.28E-05	4.16E-05	4.06E-05	3.97E-05	7.00E-05	0.000103397	0.000117482	0.000265897	0.000215284	0.000168291	8.30E-05	5.15E-05	3.55E-05	3.31E-05	5.35E-05	5.05E-05	6.89E-05	6.77E-05	6.48E-05	3.44E-05	2.22E-05	1.47E-05	1.41E-05	1.21E-05	1.08E-05	7.73E-06	7.11E-06	7.90E-06	6.32E-06	5.46E-06	4.48E-06	2.44E-06
29.73049307	0.948485645	1.021762783	0	0	0	0	0	0	0	0	0	0	0	0	0	0	0	0	0	0	0	0	0.325070223	0.306873686	0.115139799	0.085251664	0.049134974	0.025549156	0.024641569	0.002939507	0.002939541	0.002094684	0.00102669	0.001480668	0.000829115	0.000628479	0.000109887	0.000108037	0.000106625	0.000112847	0.000104606	9.99E-05	9.96E-05	9.29E-05	0.000171104	0.000253914	0.000295353	0.000653235	0.000521317	0.000425355	0.000209818	0.000126066	8.19E-05	8.16E-05	0.000127882	0.000127041	0.000166664	0.000170297	0.000167908	8.57E-05	5.34E-05	3.58E-05	3.35E-05	3.22E-05	2.64E-05	1.89E-05	1.72E-05	1.67E-05	1.41E-05	1.40E-05	1.17E-05	6.46E-06
21.90875505	0.949461858	0.993540931	0	0	0	0	0	0	0	0	0	0	0	0	0	0	0	0	0	0	0	0	9.13E-08	0.26068259	0.250277023	0.185692158	0.107135846	0.055503701	0.053558406	0.00636677	0.006385164	0.00456612	0.002230159	0.00325678	0.001838124	0.001362104	0.000247983	0.000230501	0.00023639	0.000230547	0.000227672	0.000217584	0.000222742	0.000199327	0.000361317	0.000549917	0.000644172	0.001430159	0.0011442	0.000914201	0.000449683	0.000279067	0.000180658	0.00018682	0.000273681	0.000273224	0.000363736	0.000358122	0.000359354	0.000178331	0.000115205	7.75E-05	6.81E-05	6.95E-05	5.87E-05	4.22E-05	3.86E-05	3.55E-05	3.44E-05	3.12E-05	2.53E-05	1.35E-05
14.429592	0.949920695	0.976105711	0	0	0	0	0	0	0	0	0	0	0	0	0	0	0	0	0	0	0	0	0	1.39E-07	0.186081076	0.323315586	0.186429457	0.096641887	0.093356486	0.011118817	0.011133371	0.007971119	0.003880428	0.005657679	0.003173756	0.002414205	0.000434385	0.000414773	0.000414634	0.00040805	0.000395507	0.000392735	0.000379498	0.0003664	0.000641182	0.000945072	0.001120614	0.00247131	0.002006363	0.001597897	0.000793924	0.000472085	0.000322393	0.00031678	0.00047763	0.000479016	0.000627183	0.000628015	0.000639311	0.000320175	0.000210955	0.00014699	0.000124882	0.000119338	0.000100557	6.99E-05	6.63E-05	6.87E-05	5.88E-05	5.35E-05	4.46E-05	2.51E-05
17.40074284	0.950292927	0.965294756	0	0	0	0	0	0	0	0	0	0	0	0	0	0	0	0	0	0	0	0	0	0	4.60E-07	0.220616156	0.309222603	0.160640096	0.154901146	0.018421397	0.018442546	0.013194782	0.006450931	0.009384714	0.005284085	0.00393874	0.000711521	0.000674339	0.000689051	0.000679856	0.000656179	0.000618249	0.000632502	0.000562792	0.001043576	0.00157568	0.001841588	0.004095457	0.003297618	0.002622819	0.001308392	0.000782438	0.000535035	0.000523426	0.000782265	0.000789736	0.00104168	0.001043404	0.00104553	0.000523541	0.000339468	0.00023114	0.000202865	0.000197118	0.000173211	0.000113558	0.000113328	0.000108731	9.90E-05	9.12E-05	7.37E-05	4.28E-05
17.22491179	0.950765483	0.954590861	0	0	0	0	0	0	0	0	0	0	0	0	0	0	0	0	0	0	0	0	0	0	0	1.63E-06	0.220893613	0.27841861	0.268636905	0.032001499	0.03200864	0.022901133	0.011163482	0.016206237	0.009133864	0.006863083	0.001235652	0.001188337	0.001210572	0.001192633	0.001155071	0.001097538	0.001103866	0.001010861	0.001814175	0.002733134	0.003197114	0.00706558	0.005714108	0.004572505	0.002290113	0.001386538	0.000914664	0.000898582	0.00137365	0.001360065	0.001803202	0.001826483	0.001820387	0.000903459	0.000588914	0.000404821	0.000350307	0.00034125	0.000289929	0.000202265	0.000195415	0.000183281	0.00017376	0.000156169	0.000128477	7.30E-05
14.86823831	0.951365208	0.946451601	0	0	0	0	0	0	0	0	0	0	0	0	0	0	0	0	0	0	0	0	0	0	0	0	4.98E-06	0.197866683	0.448856136	0.053553083	0.053446211	0.038156975	0.018700803	0.02711256	0.015266099	0.011507214	0.002051891	0.001989476	0.00197784	0.001983154	0.001911323	0.001831017	0.001832766	0.001672962	0.003028536	0.004572499	0.005340377	0.011840004	0.009512828	0.007623768	0.003798163	0.002310227	0.001526408	0.001531721	0.002292538	0.002299196	0.003049453	0.003020667	0.003037751	0.001528291	0.000988954	0.000661746	0.000584535	0.000571419	0.00049293	0.000335682	0.00032593	0.000314967	0.00029062	0.000263447	0.000212265	0.000124897
27.69129174	0.953752439	0.936440199	0	0	0	0	0	0	0	0	0	0	0	0	0	0	0	0	0	0	0	0	0	0	0	0	0	6.64E-06	0.331002399	0.109355065	0.109479003	0.078169557	0.038282793	0.055393118	0.031185616	0.023397897	0.004377008	0.003867389	0.004137221	0.004165931	0.003672888	0.003933475	0.003790145	0.003250191	0.006473371	0.009372838	0.010859696	0.024111046	0.019291949	0.015974264	0.007204106	0.005667088	0.002687596	0.002575178	0.005781854	0.003883676	0.00708024	0.005165198	0.007083635	0.002564308	0.00163788	0.001127322	0.000994248	0.001727041	0.000826903	0.000569565	0.000553712	0.000522547	0.00049084	0.000628645	0.000355707	0.000208874
5.923451324	0.964542557	0.930702091	0	0	0	0	0	0	0	0	0	0	0	0	0	0	0	0	0	0	0	0	0	0	0	0	0	0	0.000266736	0.113356043	0.183652054	0.130556994	0.063698506	0.093002368	0.052115901	0.039727177	0.006197569	0.00762444	0.006284343	0.007036607	0.006436619	0.006330937	0.006099822	0.006047826	0.009849494	0.015328057	0.018748867	0.040882416	0.033255443	0.025075077	0.013445371	0.006416192	0.005884238	0.006860021	0.003243379	0.013109249	0.002880922	0.015537901	0.006279785	0.009439429	0	0	0	0.00236585	0.003959516	0	0	0	0	0.001553824	0	0
7.36592774	0.968089522	0.925187801	0	0	0	0	0	0	0	0	0	0	0	0	0	0	0	0	0	0	0	0	0	0	0	0	0	0	0	0.000300709	0.139053496	0.163047079	0.079396109	0.115124398	0.064756812	0.048752175	0.008945513	0.008391611	0.008542848	0.008042164	0.008648469	0.007323993	0.008261417	0.006842723	0.013150414	0.019591015	0.022463294	0.050931941	0.039633161	0.033374207	0.015901459	0.008951893	0.006811362	0.005554087	0.009988966	0.009127024	0.014886244	0.010353346	0.006594281	0.012905503	0.002931335	0	0	0	0.003911388	0.002444634	0	0	0	0.000984805	0.000585941	0
6.630863676	0.972696983	0.912202558	0	0	0	0	0	0	0	0	0	0	0	0	0	0	0	0	0	0	0	0	0	0	0	0	0	0	0	0	0.000567498	0.137214252	0.101210043	0.144095709	0.081087778	0.061151913	0.010979264	0.010188115	0.010946387	0.010655475	0.009905949	0.009908362	0.009726787	0.0089471	0.016348097	0.024185085	0.028462959	0.062904324	0.050797003	0.039880024	0.020208076	0.011841745	0.009744432	0.006592052	0.01250923	0.01096554	0.014278231	0.015891444	0.015938497	0	0.015368586	0.000484854	0	0	0	0.004133097	0.002293819	0	0	0	0.001576416	0
3.860119962	0.976884141	0.907639896	0	0	0	0	0	0	0	0	0	0	0	0	0	0	0	0	0	0	0	0	0	0	0	0	0	0	0	0	0	0.001542698	0.104203238	0.17400625	0.096448557	0.072536606	0.013231195	0.012402982	0.012273453	0.012218791	0.012618002	0.011793416	0.010639307	0.010949142	0.019074537	0.028999876	0.033894542	0.07413552	0.060278178	0.047972084	0.023380102	0.014331938	0.009017854	0.010314187	0.013699574	0.012701937	0.019736174	0.020784069	0.018791385	0	0	0.015996653	0	0	0	0	0.006363015	0	0	0	0.001589329	0
6.663916999	0.981966091	0.895924422	0	0	0	0	0	0	0	0	0	0	0	0	0	0	0	0	0	0	0	0	0	0	0	0	0	0	0	0	0	0	0.001159678	0.152844941	0.117757469	0.083557613	0.015295509	0.014975277	0.014842022	0.0149118	0.014211011	0.013633273	0.013915539	0.012478547	0.02264614	0.034464565	0.039692121	0.088065773	0.071130988	0.056372101	0.02890042	0.016748108	0.010530293	0.012636412	0.016223191	0.016304225	0.021517225	0.019271398	0.017785936	0.014388234	0	0.006002926	0.010191754	0	0	0	0.002262933	0.004138107	0	0	0.001605662	0
4.522904982	0.988326749	0.883914895	0	0	0	0	0	0	0	0	0	0	0	0	0	0	0	0	0	0	0	0	0	0	0	0	0	0	0	0	0	0	0	0.002624419	0.129406433	0.112331124	0.018714742	0.017274075	0.016980016	0.017104715	0.01620883	0.015563449	0.01597292	0.014613617	0.026660078	0.040860686	0.04771712	0.105935898	0.085120736	0.067027497	0.033635683	0.021049082	0.01263878	0.011940114	0.022052641	0.01881512	0.027358744	0.02316918	0.025236657	0.014435634	0.001789116	0	0.009618818	0.006467967	0	0	0	0.006474821	0	0	0.001613565	0
3.917578721	0.994100485	0.873710999	0	0	0	0	0	0	0	0	0	0	0	0	0	0	0	0	0	0	0	0	0	0	0	0	0	0	0	0	0	0	0	0	0.004143886	0.126081193	0.025566302	0.024023002	0.023191621	0.022015129	0.020682163	0.019056158	0.018995662	0.017655803	0.030787129	0.043783421	0.051589519	0.120110669	0.096572916	0.07783813	0.039230609	0.02130372	0.015741866	0.015459038	0.021904346	0.023286833	0.027458797	0.032077977	0.028102562	0.004417269	0.016294248	0	0	0.016297822	0	0	0	0.003359218	0.003088132	0	0.001627025	0
0.763989975	0.997789324	0.862958718	0	0	0	0	0	0	0	0	0	0	0	0	0	0	0	0	0	0	0	0	0	0	0	0	0	0	0	0	0	0	0	0	0	0.018379822	0.058580612	0.029718976	0.027128628	0.029017396	0.023979372	0.023924398	0.020512049	0.019015956	0.036687654	0.049809554	0.056011206	0.122605012	0.107610051	0.086998524	0.033262217	0.032715089	0.016216181	0.016298643	0.016227962	0.032500426	0.032559328	0.032800169	0.016621946	0.01632613	0.016243669	0	0	0.016340529	0	0	0	0	0.006451655	0	0.00157201	0
0.74902266	0.999136773	0.876804926	0	0	0	0	0	0	0	0	0	0	0	0	0	0	0	0	0	0	0	0	0	0	0	0	0	0	0	0	0	0	0	0	0	0.006399005	0.012764634	0.058930126	0.031215344	0.027636013	0.027478474	0.024913799	0.0232009	0.020108871	0.036168465	0.054027738	0.060197111	0.125180458	0.106771136	0.081884038	0.048931764	0.021035412	0.017609614	0.017942047	0.02474291	0.028282188	0.032699945	0.024459874	0.028426376	0.016490823	0.016249175	0	0	0.01635598	0	0	0	0	0.006555209	0	0.001676852	0
0.773878925	1.000463654	0.871900463	0	0	0	0	0	0	0	0	0	0	0	0	0	0	0	0	0	0	0	0	0	0	0	0	0	0	0	0	0	0	0	0	0	0.001613948	0.005186858	0.012814666	0.059436946	0.032811334	0.027328564	0.026179806	0.027086924	0.020602706	0.036711169	0.056751772	0.061247307	0.128911638	0.106737627	0.090405615	0.041186029	0.024511586	0.016139476	0.016226052	0.032790659	0.016341057	0.032764815	0.032803581	0.032622674	0.016564607	0.016333304	0	0	0.016512919	0	0	0	0	0.006543659	0	0.001586812	0
0.793433642	1.001793754	0.864046952	0	0	0	0	0	0	0	0	0	0	0	0	0	0	0	0	0	0	0	0	0	0	0	0	0	0	0	0	0	0	0	0	0	0.001017098	0.000581019	0.005375371	0.013045829	0.061076311	0.032073256	0.027157911	0.02635003	0.026528999	0.039297552	0.058604775	0.063153359	0.130525093	0.114131788	0.085653036	0.04513799	0.032693345	0.016351714	0.016276093	0.02638658	0.023260924	0.032683263	0.032860971	0.032969361	0.016339111	0.016492873	0	0	0.009040454	0.007524259	0	0	0	0.006527326	0	0.001595597	0
0.776897196	1.003267612	0.857076642	0	0	0	0	0	0	0	0	0	0	0	0	0	0	0	0	0	0	0	0	0	0	0	0	0	0	0	0	0	0	0	0	0	0	0.001208654	0.000465956	0.005724052	0.013852541	0.061220455	0.03131431	0.028831356	0.024362297	0.045632807	0.059993781	0.067219962	0.134593097	0.112269681	0.095320205	0.049306395	0.019567583	0.021404376	0.022177967	0.019283118	0.032937434	0.032682574	0.032978623	0.032681287	0.01652857	0.01620549	0	0	0	0.016497678	0	0	0	0.006370212	0	0.001729959	0
0.77195656	1.004771979	0.865048334	0	0	0	0	0	0	0	0	0	0	0	0	0	0	0	0	0	0	0	0	0	0	0	0	0	0	0	0	0	0	0	0	0	0	0	0.001361476	0.000278513	0.006421346	0.014351844	0.061730157	0.031091128	0.027112925	0.047237114	0.062906389	0.071003995	0.144083237	0.114108752	0.090475298	0.042771837	0.032211657	0.016572176	0.016450408	0.033203941	0.032903406	0.033040719	0.033133989	0.032859362	0.016452998	0.001468995	0.015012503	0	0	0.016430976	0	0	0	0.006762039	0	0.001619262	0
0.792207458	1.006244721	0.859818103	0	0	0	0	0	0	0	0	0	0	0	0	0	0	0	0	0	0	0	0	0	0	0	0	0	0	0	0	0	0	0	0	0	0	0	0	0.00155641	0.000116131	0.006591708	0.014777695	0.063532601	0.029542767	0.049918742	0.068222029	0.073346949	0.145646193	0.114724999	0.098459058	0.049652398	0.030697767	0.018543123	0.016634532	0.032982522	0.019400221	0.046593856	0.032872702	0.032760358	0.016635794	0	0.016324007	0	0	0.016522187	0	0	0	0.006610642	0	0.001656132	0
0.740266503	1.007656962	0.856520734	0	0	0	0	0	0	0	0	0	0	0	0	0	0	0	0	0	0	0	0	0	0	0	0	0	0	0	0	0	0	0	0	0	0	0	0	0	0.00160888	0.000329611	0.006163996	0.016754777	0.062526131	0.052647256	0.075025683	0.075393118	0.154895567	0.11678767	0.097832334	0.048640591	0.025393557	0.022866089	0.026152744	0.02058718	0.029111138	0.040293597	0.042506313	0.033298819	0.0163225	0	0.016395447	0	0	0.01619822	0	0	0	0.006666518	0	0.000660573	0.000944255
1.402289315	1.009723127	0.842624599	0	0	0	0	0	0	0	0	0	0	0	0	0	0	0	0	0	0	0	0	0	0	0	0	0	0	0	0	0	0	0	0	0	0	0	0	0	0.000126222	0.001004072	0.001096778	0.004111848	0.011433447	0.084758544	0.080526892	0.082938662	0.163609604	0.119297065	0.101454813	0.051721139	0.030728324	0.019155106	0.016518702	0.033254193	0.032988913	0.032900486	0.042923382	0.039702221	0.016509432	0	0.016606416	0	0	0.01644953	0	0	0	0.006490102	0	0	0.001688667
2.23399326	1.013201479	0.842501621	0	0	0	0	0	0	0	0	0	0	0	0	0	0	0	0	0	0	0	0	0	0	0	0	0	0	0	0	0	0	0	0	0	0	0	0	0	0	0	0.000350493	0.000680396	0.001800811	0.011208181	0.108459593	0.097080866	0.181577987	0.128536198	0.101560289	0.053141611	0.032587833	0.022430238	0.020888604	0.031324177	0.030486216	0.046331384	0.034150954	0.040629487	0.021752975	0.003738149	0.016585099	0	0	0.016532727	0	0	0	0.006674147	0	0	0.001656227
2.832685302	1.018084333	0.835318376	0	0	0	0	0	0	0	0	0	0	0	0	0	0	0	0	0	0	0	0	0	0	0	0	0	0	0	0	0	0	0	0	0	0	0	0	0	0	0	0	0	4.59E-06	0.000958808	0.01235965	0.125633087	0.213404221	0.14893324	0.108966923	0.055612249	0.034057437	0.022126355	0.024642342	0.033720654	0.033739364	0.043432993	0.047979209	0.035326903	0.016652044	0.01656979	0.006739188	0.009815068	0	0.012366358	0.004299454	0	0	0.006623397	0	0	0.001676854
7.456327669	1.028982182	0.814989805	0	0	0	0	0	0	0	0	0	0	0	0	0	0	0	0	0	0	0	0	0	0	0	0	0	0	0	0	0	0	0	0	0	0	0	0	0	0	0	0	0	0	0	0.000313157	0.006143104	0.22109074	0.194822581	0.138723785	0.065193219	0.038344881	0.025329761	0.025769254	0.038349575	0.03938762	0.051111488	0.04958567	0.049055113	0.024248934	0.014047129	0.002738614	0.015432128	0.001391167	0	0.016809079	0	0	0.000407037	0.006299079	0	0.001683268
7.727883384	1.051437319	0.783177981	0	0	0	0	0	0	0	0	0	0	0	0	0	0	0	0	0	0	0	0	0	0	0	0	0	0	0	0	0	0	0	0	0	0	0	0	0	0	0	0	0	0	0	0	0	0.010176525	0.244944819	0.201976521	0.090629861	0.053252486	0.034816002	0.033443439	0.05019201	0.047369374	0.062186756	0.061280169	0.057511349	0.02379332	0.016358684	0.017185689	0	0.017143763	0	0.003229345	0.013848423	0	0	0.006854399	0	0.001687267
7.93513539	1.09069725	0.738252635	0	0	0	0	0	0	0	0	0	0	0	0	0	0	0	0	0	0	0	0	0	0	0	0	0	0	0	0	0	0	0	0	0	0	0	0	0	0	0	0	0	0	0	0	0	0	0.015974775	0.272545192	0.134488695	0.07473294	0.047467369	0.046670155	0.067357515	0.066402396	0.085669994	0.079928693	0.073645372	0.034358456	0.021248787	0.008763808	0.01319297	0.013409853	0.00447831	0	0.017849727	0	0	0.007166229	0	0.001765313
4.815564236	1.133621716	0.686551541	0	0	0	0	0	0	0	0	0	0	0	0	0	0	0	0	0	0	0	0	0	0	0	0	0	0	0	0	0	0	0	0	0	0	0	0	0	0	0	0	0	0	0	0	0	0	0.000594115	0.036225869	0.232708971	0.100667747	0.065973785	0.063517375	0.088166823	0.083726222	0.106647316	0.10433959	0.095734784	0.041872352	0.026045546	0.018622325	0.01233355	0.00613033	0.018537392	0	0.004563328	0.014033039	0	0.007485104	0	0.001862087
3.312681857	1.162684048	0.657128544	0	0	0	0	0	0	0	0	0	0	0	0	0	0	0	0	0	0	0	0	0	0	0	0	0	0	0	0	0	0	0	0	0	0	0	0	0	0	0	0	0	0	0	0	0	0	0	0.0072796	0.050537905	0.207919755	0.078859067	0.071252239	0.111663304	0.100726546	0.12547779	0.117585695	0.109693299	0.051816325	0.025026249	0.01790996	0.016649954	0.018901	0.015174714	0.003766737	0	0.018952016	0	0.004792793	0.002834863	0.001906914
2.436172266	1.182480243	0.628807175	0	0	0	0	0	0	0	0	0	0	0	0	0	0	0	0	0	0	0	0	0	0	0	0	0	0	0	0	0	0	0	0	0	0	0	0	0	0	0	0	0	0	0	0	0	0	0	0.001944033	0.019697293	0.05542301	0.187296279	0.091174176	0.115251291	0.118265036	0.142487871	0.127188871	0.120353968	0.054193622	0.038768194	0.019234682	0.01936973	0.019328682	0	0.019253975	0	0.019427198	0	0	0.007766282	0.001914479
2.677808759	1.199818371	0.602604991	0	0	0	0	0	0	0	0	0	0	0	0	0	0	0	0	0	0	0	0	0	0	0	0	0	0	0	0	0	0	0	0	0	0	0	0	0	0	0	0	0	0	0	0	0	0	0	0.001929189	0.007819827	0.023196578	0.04905242	0.199481758	0.135871913	0.129354644	0.158613642	0.143149879	0.127925491	0.062922716	0.035055901	0.02818013	0.020007777	0.0124094	0.011419038	0.019569359	0	0.012700309	0.006820129	0	0.00785381	0.002008732
4.793310045	1.22393783	0.562806419	0	0	0	0	0	0	0	0	0	0	0	0	0	0	0	0	0	0	0	0	0	0	0	0	0	0	0	0	0	0	0	0	0	0	0	0	0	0	0	0	0	0	0	0	0	0	0	0.000195272	0.002922824	0.009817224	0.017710309	0.040938099	0.261851411	0.143622881	0.185706326	0.166685859	0.14768062	0.06502542	0.040738237	0.025529957	0.020059625	0.019971794	0.020079027	0.010845324	0.009135441	0	0.020006634	0	0.008042876	0.001961067
6.506214239	1.256771433	0.503174978	0	0	0	0	0	0	0	0	0	0	0	0	0	0	0	0	0	0	0	0	0	0	0	0	0	0	0	0	0	0	0	0	0	0	0	0	0	0	0	0	0	0	0	0	0	0	0	0	0.00185269	0.001840702	0.006114001	0.011943505	0.058505451	0.293752085	0.215601569	0.205367354	0.176998629	0.078209536	0.047477072	0.025373281	0.027409795	0.028987364	0.013734408	0.007004073	0.020428931	0	0.020433234	0	0.008153282	0.002046044
15.89008186	1.305987561	0.414443736	0	0	0	0	0	0	0	0	0	0	0	0	0	0	0	0	0	0	0	0	0	0	0	0	0	0	0	0	0	0	0	0	0	0	0	0	0	0	0	0	0	0	0	0	0	0	0	0	0	0.001430515	0.000707045	0.003492745	0.01417897	0.052452656	0.390241854	0.253795043	0.235024151	0.101104766	0.058627892	0.039846365	0.030057932	0.023995786	0.021286423	0.021335762	0.017485058	0.00383453	0.021311847	0	0.0085554	0.002135168
39.52106717	1.383493366	0.337805268	0	0	0	0	0	0	0	0	0	0	0	0	0	0	0	0	0	0	0	0	0	0	0	0	0	0	0	0	0	0	0	0	0	0	0	0	0	0	0	0	0	0	0	0	0	0	0	0	0	0	0.000474177	0.001324281	0.002599069	0.012616765	0.071910988	0.485307113	0.312498267	0.145053446	0.084879869	0.052061676	0.043103669	0.039573855	0.032025198	0.020013351	0.017164314	0.022555514	0.004305881	0.018275114	0.009015369	0.002259428
118.6802598	1.492743235	0.280579726	0	0	0	0	0	0	0	0	0	0	0	0	0	0	0	0	0	0	0	0	0	0	0	0	0	0	0	0	0	0	0	0	0	0	0	0	0	0	0	0	0	0	0	0	0	0	0	0	0	0	0	0	0.00144056	0.001971381	0.016942674	0.090366216	0.645323596	0.216419673	0.112821678	0.079944576	0.068256457	0.063123851	0.049032004	0.030492956	0.027630678	0.021347114	0.023901279	0.024358086	0.00671741	0.005469115
133.1046584	1.600572285	0.246347782	0	0	0	0	0	0	0	0	0	0	0	0	0	0	0	0	0	0	0	0	0	0	0	0	0	0	0	0	0	0	0	0	0	0	0	0	0	0	0	0	0	0	0	0	0	0	0	0	0	0	0	0	0	0.002606062	0.005674287	0.035885168	0.184676053	0.624827673	0.222408692	0.091600025	0.074145076	0.075461378	0.067293482	0.047353422	0.038918142	0.038240555	0.031249455	0.021424457	0.017460148	0.013031174
124.9319955	1.684769806	0.229207318	0	0	0	0	0	0	0	0	0	0	0	0	0	0	0	0	0	0	0	0	0	0	0	0	0	0	0	0	0	0	0	0	0	0	0	0	0	0	0	0	0	0	0	0	0	0	0	0	0	0	0	0	0	0.000435733	0.002311842	0.020033043	0.097337779	0.217290158	0.603017031	0.235091658	0.101800839	0.082464672	0.062291049	0.048063564	0.054494415	0.037520581	0.044868514	0.027460836	0.027452319	0.013726716
114.2741013	1.756505813	0.214267546	0	0	0	0	0	0	0	0	0	0	0	0	0	0	0	0	0	0	0	0	0	0	0	0	0	0	0	0	0	0	0	0	0	0	0	0	0	0	0	0	0	0	0	0	0	0	0	0	0	0	0	0	0	0	0.002872672	0.011451667	0.077920823	0.095851246	0.262097865	0.55970767	0.28107521	0.126456982	0.072125354	0.042438636	0.057200144	0.028654437	0.057263719	0.028643778	0.028687856	0.014308675
121.6478342	1.833257112	0.201144945	0	0	0	0	0	0	0	0	0	0	0	0	0	0	0	0	0	0	0	0	0	0	0	0	0	0	0	0	0	0	0	0	0	0	0	0	0	0	0	0	0	0	0	0	0	0	0	0	0	0	0	0	0	0	0.002993641	0.011931877	0.059756247	0.07441516	0.106944411	0.264916225	0.590547661	0.325522688	0.126217718	0.047492831	0.047609249	0.041713007	0.047961717	0.02991172	0.029873035	0.014940825
141.8546976	1.933944503	0.185234374	0	0	0	0	0	0	0	0	0	0	0	0	0	0	0	0	0	0	0	0	0	0	0	0	0	0	0	0	0	0	0	0	0	0	0	0	0	0	0	0	0	0	0	0	0	0	0	0	0	0	0	0	0	0	0.003159867	0.012585512	0.038078831	0.070243243	0.069023354	0.100648962	0.282882574	0.678438682	0.334768188	0.110592883	0.048652883	0.063009997	0.031510976	0.031520141	0.031535163	0.015752809
138.5966389	2.067635606	0.168159552	0	0	0	0	0	0	0	0	0	0	0	0	0	0	0	0	0	0	0	0	0	0	0	0	0	0	0	0	0	0	0	0	0	0	0	0	0	0	0	0	0	0	0	0	0	0	0	0	0	0	0	0	0	0	0.003364815	0.000444823	0.046751949	0.055618737	0.057846547	0.060393499	0.104824014	0.342692517	0.718883804	0.321094237	0.148351527	0.076904484	0.033676632	0.033672873	0.033686091	0.016861491
105.5889769	2.210308451	0.150949187	0	0	0	0	0	0	0	0	0	0	0	0	0	0	0	0	0	0	0	0	0	0	0	0	0	0	0	0	0	0	0	0	0	0	0	0	0	0	0	0	0	0	0	0	0	0	0	0	0	0	0	0	0	0	0.001799373	0.001800766	0.048790529	0.03763569	0.056692764	0.051329894	0.057640363	0.14525037	0.42308959	0.647144058	0.402411627	0.174746205	0.058473604	0.036001997	0.036010767	0.018025234
108.5412121	2.363496626	0.136878485	0	0	0	0	0	0	0	0	0	0	0	0	0	0	0	0	0	0	0	0	0	0	0	0	0	0	0	0	0	0	0	0	0	0	0	0	0	0	0	0	0	0	0	0	0	0	0	0	0	0	0	0	0	0	0	0.003858258	0.015413086	0.066010356	0.049493956	0.039030981	0.05487336	0.0835913	0.190242504	0.392195989	0.736750728	0.442942769	0.171014748	0.045666608	0.038491241	0.019246671
106.762685	2.552483957	0.122991466	0	0	0	0	0	0	0	0	0	0	0	0	0	0	0	0	0	0	0	0	0	0	0	0	0	0	0	0	0	0	0	0	0	0	0	0	0	0	0	0	0	0	0	0	0	0	0	0	0	0	0	0	0	0	0	0.004162063	0.016628141	0.041565665	0.055174615	0.047851148	0.048266096	0.061848688	0.091879237	0.169621727	0.444969757	0.853339198	0.486921156	0.15186616	0.041555558	0.020794719
100.8854943	2.789566365	0.10747094	0	0	0	0	0	0	0	0	0	0	0	0	0	0	0	0	0	0	0	0	0	0	0	0	0	0	0	0	0	0	0	0	0	0	0	0	0	0	0	0	0	0	0	0	0	0	0	0	0	0	0	0	0	0	0	0.004554589	0.018182733	0.04542213	0.045420544	0.045422972	0.045428434	0.045944177	0.064302317	0.075999816	0.184268354	0.514827125	1.011219668	0.524895798	0.122537111	0.022728391
85.95861216	3.090457266	0.093616182	0	0	0	0	0	0	0	0	0	0	0	0	0	0	0	0	0	0	0	0	0	0	0	0	0	0	0	0	0	0	0	0	0	0	0	0	0	0	0	0	0	0	0	0	0	0	0	0	0	0	0	0	0	0	0	0.005019032	0.020140297	0.050283967	0.042959779	0.033476145	0.043915507	0.055531469	0.050379897	0.044464817	0.076998137	0.196991966	0.612840083	1.24107839	0.533896835	0.06052664
64.60982874	3.49733601	0.078459989	0	0	0	0	0	0	0	0	0	0	0	0	0	0	0	0	0	0	0	0	0	0	0	0	0	0	0	0	0	0	0	0	0	0	0	0	0	0	0	0	0	0	0	0	0	0	0	0	0	0	0	0	0	0	0	0.005691549	0.022767325	0.056854895	0	0.056867153	0.056858269	0.056870542	0.056816789	0.056823475	0.056861643	0.055406647	0.207408443	0.769181996	1.596792578	0.413617147
25.40688837	4.261892237	0.060768876	0	0	0	0	0	0	0	0	0	0	0	0	0	0	0	0	0	0	0	0	0	0	0	0	0	0	0	0	0	0	0	0	0	0	0	0	0	0	0	0	0	0	0	0	0	0	0	0	0	0	0	0	0	0	0	0.006905844	0.027671551	0.069190015	0.019570874	0.068465684	0.077258772	0.092127338	0.077832278	0.051376815	0.060799929	0.05107607	0.076030444	0.21198629	1.139240334	2.186766761