#Group structure, boundaries in eV
1.00000e-05
5.00000e-03
1.00000e-02
1.50000e-02
2.00000e-02
2.50000e-02
3.00000e-02
3.50000e-02
4.20000e-02
5.00000e-02
5.80000e-02
6.70000e-02
8.00000e-02
1.00000e-01
1.40000e-01
1.80000e-01
2.20000e-01
2.50000e-01
2.80000e-01
3.00000e-01
3.20000e-01
3.50000e-01
4.00000e-01
5.00000e-01
6.25000e-01
7.80000e-01
8.50000e-01
9.10000e-01
9.50000e-01
9.72000e-01
9.96000e-01
1.02000e+00
1.04500e+00
1.07100e+00
1.09700e+00
1.12300e+00
1.15000e+00
1.30000e+00
1.50000e+00
1.85500e+00
2.10000e+00
2.60000e+00
3.30000e+00
4.00000e+00
9.87700e+00
1.59680e+01
2.77000e+01
4.80520e+01
7.55010e+01
1.48730e+02
3.67260e+02
9.06900e+02
1.42510e+03
2.23950e+03
3.51910e+03
5.53000e+03
9.11800e+03
1.50300e+04
2.47800e+04
4.08500e+04
6.73400e+04
1.11000e+05
1.83000e+05
3.02500e+05
5.00000e+05
8.21000e+05
1.35300e+06
2.23100e+06
3.67900e+06
6.06550e+06
1.00000e+07
